Meridional winds
Year=2015 Month=01 Day=09
Time(column) -  0hr to 23hr(UTC) , resolution 1hr
Height (row) -   70km to 110km , resolution 2km

     NaN       NaN       NaN       NaN       NaN       NaN       NaN       NaN       NaN       NaN       NaN       NaN       NaN       NaN       NaN       NaN       NaN       NaN       NaN       NaN       NaN       NaN       NaN       NaN
     NaN       NaN       NaN     -0.68       NaN       NaN       NaN       NaN       NaN       NaN       NaN       NaN       NaN       NaN       NaN       NaN       NaN       NaN       NaN       NaN       NaN       NaN       NaN       NaN
    8.82       NaN       NaN     10.13       NaN       NaN       NaN    -50.82       NaN       NaN       NaN       NaN       NaN       NaN       NaN       NaN       NaN     -1.86       NaN       NaN     31.77       NaN       NaN       NaN
  -21.71    -13.96    -12.56    -10.37    -51.78    -36.19    -16.39    -53.49      4.08       NaN       NaN       NaN       NaN       NaN       NaN       NaN       NaN      0.15       NaN     13.69     11.60     59.15     25.69       NaN
  -16.42      2.39    -13.95    -17.39    -44.68    -27.12     -7.16      1.41      8.73       NaN       NaN       NaN       NaN       NaN       NaN       NaN     -7.86     -3.03     63.64     -8.98     29.99     43.04     15.50     28.26
   16.95      2.03    -10.22    -21.20    -15.48    -16.69     -7.02     14.21    -12.30      5.55       NaN       NaN     -2.92    -13.39    -29.19    -32.22    -22.58     -8.20    -26.67    -11.73     17.50     24.58     19.06     25.37
    5.85      0.06     -8.39    -16.35    -16.19    -18.35      0.63     -9.70    -26.77     13.92     15.69     -1.73    -19.64    -11.30    -28.50    -25.82    -14.03    -27.80    -26.21    -16.15     13.82     17.53     10.34     30.83
   -0.42     -1.00    -20.47    -23.76    -18.83    -46.09    -22.29    -35.18    -40.83      7.69    -16.66     -8.93    -14.12    -12.62    -22.64    -18.52    -22.25    -23.78      3.42     -3.05     13.49     28.09     11.40     19.91
   -1.94     -4.76    -31.55    -45.25    -48.88    -49.22    -42.36    -40.60    -46.60    -26.42     -9.88    -30.66    -18.43    -10.99    -11.68    -18.60    -14.18     -3.54     36.95     21.86     38.83     33.00     20.98     20.16
   -8.89    -10.37    -33.67    -58.87    -49.96    -53.69    -41.60    -32.70    -36.07    -21.12    -12.26    -30.06    -22.06     -0.29     -5.28    -11.86     10.07     50.61     48.58     42.25     41.57     36.84     33.69     43.43
  -25.99    -23.35    -46.18    -68.76    -50.97    -41.23    -27.52    -22.19     -3.18    -11.46    -13.77    -22.42     -5.48      1.65      1.76     -3.10     43.05     60.52     49.89     46.89     45.13     45.47     48.16     64.55
  -31.31    -27.77    -49.10    -64.61    -47.17    -30.29    -11.20      2.40     11.82      1.54      6.73     -4.85     28.75     26.13     19.69     56.03     67.66     61.84     45.87     40.74     57.67     65.71     51.02     69.93
  -31.80    -22.22    -43.32    -58.49    -34.02    -21.29      8.93     13.63     18.61     -9.77     18.14     13.25     43.77     54.68     70.45     69.39     70.26     55.56     44.38     38.78     73.20     75.02     47.92     67.08
  -24.84    -11.46    -33.38    -37.40    -11.50     18.81     31.24     43.14     41.95     21.66     27.08     51.16     86.05     74.25     76.17     68.11     64.58     51.31     30.91     39.09     49.69     53.45     28.38     41.89
  -11.75     -5.44    -12.85     -5.93     41.79     46.97     57.18     59.43     56.33     70.53     39.85       NaN       NaN     72.96       NaN       NaN     74.67     61.28      8.81      7.00     24.49     36.12      6.00      1.59
   -8.58     -2.38    -10.35     -4.75     66.31     90.39     58.89     42.46     61.81     75.22       NaN       NaN       NaN       NaN       NaN       NaN       NaN       NaN     -2.96     13.03     13.08     29.84     -4.92    -15.45
   16.57    -40.97    -43.44    -12.79     56.03     30.56     17.66       NaN       NaN       NaN       NaN       NaN       NaN       NaN       NaN       NaN       NaN       NaN     -0.72      0.06     18.89     30.69     -0.78    -19.69
   35.56     14.89    -59.48    -41.72     22.43     25.33      5.69     87.92       NaN       NaN       NaN       NaN       NaN       NaN       NaN       NaN       NaN       NaN       NaN    -12.52      4.54     14.01     42.25     -9.70
   -4.86     30.01    -16.25    -22.00       NaN     37.27       NaN       NaN       NaN       NaN       NaN       NaN       NaN       NaN       NaN       NaN       NaN       NaN       NaN       NaN     33.96     28.08     55.65     16.07
  -36.51    -17.01     32.31    -62.73     61.13       NaN     68.75       NaN       NaN       NaN       NaN       NaN       NaN       NaN       NaN       NaN       NaN       NaN       NaN       NaN     19.87     85.82     76.51     62.51
     NaN       NaN       NaN       NaN    127.38       NaN       NaN       NaN       NaN       NaN       NaN       NaN       NaN       NaN       NaN       NaN       NaN       NaN       NaN       NaN       NaN       NaN     96.48       NaN
