Meridional winds
Year=2016 Month=08 Day=11
Time(column) -  0hr to 23hr(UTC) , resolution 1hr
Height (row) -   70km to 110km , resolution 2km

     NaN       NaN       NaN       NaN       NaN       NaN       NaN     26.92       NaN       NaN       NaN       NaN       NaN       NaN       NaN       NaN       NaN       NaN       NaN       NaN       NaN       NaN       NaN       NaN
     NaN       NaN       NaN       NaN       NaN       NaN       NaN     46.59       NaN       NaN       NaN       NaN       NaN       NaN       NaN       NaN       NaN       NaN       NaN       NaN       NaN       NaN       NaN       NaN
    6.94       NaN       NaN       NaN     73.69       NaN       NaN       NaN       NaN       NaN       NaN       NaN       NaN       NaN       NaN       NaN     -8.43       NaN    -46.63       NaN     12.89     -5.84       NaN       NaN
   50.98     25.03    -13.34     43.36      2.94     24.10     25.05     20.21     33.97       NaN       NaN       NaN       NaN       NaN       NaN       NaN    -40.14      1.76     -7.52     16.43    -11.74       NaN       NaN       NaN
   45.67     47.38     33.36     17.51      1.09      3.86     38.52     20.53     29.46     38.60       NaN       NaN       NaN       NaN      0.86     -6.82     34.61      1.31     28.70     32.02     -6.62      5.22     29.50     -7.11
   35.67     47.94      3.71     14.68    -11.17     12.08     56.36     56.38     45.95     36.23    -12.92     55.78       NaN       NaN     48.12     38.77     47.80      4.66     23.97     21.74    -12.05      2.67     -6.71    -24.85
   14.51     35.12     43.57     21.83     35.71     23.78     77.38     84.99     77.42     77.71     83.53     64.56     72.01     53.05     49.61     53.20     46.46     14.02     12.58      0.04    -42.45    -12.08    -33.04      2.08
   33.25     42.66     46.10     46.87     59.63     56.56     88.95    107.65    106.15     96.47     82.44     82.19     75.44     67.48     56.65     51.35     43.39     17.83    -39.65    -49.09    -50.96    -39.12    -36.15    -17.43
   44.04     55.84     55.10     63.87     68.29     74.49    100.51    111.74    113.37    101.81     83.20     81.52     65.30     59.32     58.13     32.31    -28.33    -53.95    -66.09    -60.98    -62.60    -43.55    -15.80     -3.66
   53.66     63.00     58.54     65.33     70.55     83.77    105.54    102.33    100.79    103.37     54.11     49.60     41.82     56.39     -1.00    -33.45    -61.72    -79.92    -74.37    -60.77    -25.59    -26.71     18.47     17.57
   61.23     67.04     60.10     59.88     64.44     67.92     87.47     67.20     58.42     32.79    -20.75    -22.79     -8.36     10.64    -51.61    -61.67    -77.03    -73.56    -36.51    -21.00     21.20     31.90     39.41     37.76
   53.91     61.87     51.00     38.42     25.13     52.17     55.99     24.64    -32.86    -39.08    -60.18    -22.02    -24.53    -21.38    -59.96    -68.45    -61.32    -20.91     23.04     24.57     65.69     56.83     63.29     60.13
   42.95     40.17     36.54     17.56     17.50     16.66     -7.19    -20.82    -55.76    -50.93    -60.09    -46.85    -47.57    -33.98    -29.24    -53.42      0.26     27.78     64.03     69.74     81.74     79.23     68.30     62.67
   26.55     20.60      5.67      2.17     21.82    -29.49    -32.82    -30.84    -49.26    -47.04    -55.74    -43.25       NaN       NaN       NaN    -22.67     60.09     60.80     73.99     99.45     86.47     78.99     67.21     59.77
   24.27     -3.56     -8.35     10.13     -0.46    -47.55    -28.61     13.55    -43.75    -37.73       NaN       NaN       NaN       NaN       NaN     -9.69     62.27     66.32     83.65     88.09     86.94     74.29     64.42     46.56
  -10.43    -25.92     -8.21     20.05     24.43    -29.78      9.82     10.04     61.11    -15.91       NaN       NaN       NaN       NaN       NaN      3.48     38.86     73.85    105.16     82.36     72.73     40.11     53.16     20.63
   16.18     45.73     35.46     -7.18     91.16    -54.62     16.13       NaN       NaN       NaN       NaN       NaN       NaN       NaN       NaN       NaN       NaN     71.59     51.30     51.93     45.10      6.61     47.65      1.03
   36.56     61.93     37.04      4.71     81.46       NaN    104.96     25.22       NaN       NaN       NaN       NaN       NaN       NaN       NaN       NaN       NaN       NaN       NaN       NaN     14.62    -88.97     29.29    -33.65
   17.86     30.75     17.47     60.16       NaN       NaN       NaN    -16.36       NaN       NaN       NaN       NaN       NaN       NaN       NaN       NaN       NaN       NaN       NaN       NaN   -107.03    -81.21    -10.62    -17.09
    3.95     51.24     25.85    106.77       NaN       NaN       NaN       NaN       NaN       NaN       NaN       NaN       NaN       NaN       NaN       NaN       NaN       NaN       NaN       NaN     25.23    -25.83     33.58    -15.84
     NaN       NaN       NaN       NaN       NaN       NaN       NaN       NaN       NaN       NaN       NaN       NaN       NaN       NaN       NaN       NaN       NaN       NaN       NaN       NaN       NaN       NaN     50.35    -58.31
