Zonal winds
Year=2016 Month=08 Day=11
Time(column) -  0hr to 23hr(UTC) , resolution 1hr
Height(row) -  70km to 110km , resolution 2km

     NaN       NaN       NaN       NaN       NaN       NaN       NaN   -129.57       NaN       NaN       NaN       NaN       NaN       NaN       NaN       NaN       NaN       NaN       NaN       NaN       NaN       NaN       NaN       NaN
     NaN       NaN       NaN       NaN       NaN       NaN       NaN    -98.66       NaN       NaN       NaN       NaN       NaN       NaN       NaN       NaN       NaN       NaN       NaN       NaN       NaN       NaN       NaN       NaN
  -22.33       NaN       NaN       NaN    -29.65       NaN       NaN       NaN       NaN       NaN       NaN       NaN       NaN       NaN       NaN       NaN     -4.96       NaN    -27.74       NaN     23.34      6.03       NaN       NaN
  -19.19    -16.91    -27.64    -32.65    -30.59    -22.45    -27.31    -32.15      9.19       NaN       NaN       NaN       NaN       NaN       NaN       NaN    -16.60    -10.66    -15.29     -1.23      1.33       NaN       NaN       NaN
  -23.14    -12.84    -18.14     -6.82     -0.02    -17.52    -33.45    -35.14     -2.72    -44.15       NaN       NaN       NaN       NaN    -25.09    -31.96    -21.51    -28.32      7.42    -11.95     -4.13     27.86     53.29     47.86
  -20.63    -41.48    -51.11     -7.00    -13.33    -44.79    -50.96    -27.96    -12.05    -41.21    -76.03    -20.48       NaN       NaN    -22.74    -24.29    -20.02    -29.30      0.29     -1.44     -2.17     26.47     41.24     29.24
  -28.82    -48.47    -55.74    -58.29    -52.27    -61.69    -37.29    -43.15    -30.77    -19.32     -7.91    -29.67     -0.35    -25.08    -30.99    -15.10    -14.79    -14.87     -3.66     -8.94    -16.96     11.02     -4.99     -0.32
  -55.15    -47.58    -56.88    -63.96    -57.14    -47.96    -55.95    -53.50    -30.02    -17.11    -28.04    -10.50     -3.52    -15.30    -25.98    -19.37    -14.04    -15.72    -22.75    -38.56    -22.01     -3.00    -15.90      4.69
  -59.85    -50.99    -60.02    -59.92    -54.55    -43.94    -57.62    -49.97    -35.59    -26.44    -28.54    -30.61    -49.41    -46.73    -24.79    -21.98    -13.67    -19.96    -23.99    -35.31    -29.65    -21.85    -21.08     -7.22
  -58.12    -49.61    -60.45    -60.76    -58.97    -51.38    -55.57    -52.00    -44.99    -33.66    -14.37    -31.59    -52.58    -48.75    -20.15    -12.40    -18.95    -24.94    -22.63    -39.87    -41.76    -30.88    -23.39    -10.94
  -53.90    -59.11    -61.55    -56.87    -58.05    -36.98    -51.10    -46.85    -38.26    -65.28    -31.54    -50.83    -62.14    -58.13    -24.07    -12.37    -23.01    -31.93    -48.41    -49.45    -40.07    -31.77    -23.96     -6.57
  -55.41    -59.08    -40.61    -27.46     -7.94    -19.64    -40.74    -35.39    -22.94    -29.52    -26.98    -42.50    -48.52    -40.92    -38.05    -29.72    -31.02    -47.67    -37.58    -49.13     -1.37    -20.37      3.78     24.84
  -46.79    -42.53     -9.17      3.99     22.47     12.46    -31.92    -33.73    -15.19    -29.32    -20.93     -3.61    -28.60    -32.41    -56.81    -27.38    -32.91      1.67    -24.56    -14.15     11.72      4.88      9.69     32.81
  -28.09    -17.22     10.99     21.30      6.49      7.71    -42.00    -24.41    -24.41    -27.08    -27.64      7.32       NaN       NaN       NaN    -36.99      9.09     17.80     -7.50     13.12     19.51     12.01     17.93     32.44
  -11.98      0.13     18.34      9.26     -6.13    -13.85    -49.02    -52.47    -13.52    -43.59       NaN       NaN       NaN       NaN       NaN     -4.54     23.06     23.63      0.12     11.21     19.71     11.56     19.70     37.71
   24.56      2.36     14.81    -21.30    -20.39    -34.49    -66.67    -61.06      1.79    -46.44       NaN       NaN       NaN       NaN       NaN     66.17     53.67     18.32     25.84      5.25     13.19     21.73     30.57     50.56
  -36.14    -38.67    -34.00    -13.91    -54.21    -52.04     12.73       NaN       NaN       NaN       NaN       NaN       NaN       NaN       NaN       NaN       NaN     16.16     -0.70     -0.34    -10.67     52.59     37.85     66.68
   20.18    -30.93    -19.34     -5.98    -41.93       NaN     41.29    -47.67       NaN       NaN       NaN       NaN       NaN       NaN       NaN       NaN       NaN       NaN       NaN       NaN    -27.13     17.43     34.84     32.85
    7.86    -30.74     15.74    -32.88       NaN       NaN       NaN    -18.63       NaN       NaN       NaN       NaN       NaN       NaN       NaN       NaN       NaN       NaN       NaN       NaN     29.97    -10.98     28.06     36.90
  -23.03    -15.08     -0.01      6.96       NaN       NaN       NaN       NaN       NaN       NaN       NaN       NaN       NaN       NaN       NaN       NaN       NaN       NaN       NaN       NaN    -46.37      3.83     22.24     63.13
     NaN       NaN       NaN       NaN       NaN       NaN       NaN       NaN       NaN       NaN       NaN       NaN       NaN       NaN       NaN       NaN       NaN       NaN       NaN       NaN       NaN       NaN    -14.29     93.25