Zonal winds
Year=2015 Month=01 Day=09
Time(column) -  0hr to 23hr(UTC) , resolution 1hr
Height(row) -  70km to 110km , resolution 2km

     NaN       NaN       NaN       NaN       NaN       NaN       NaN       NaN       NaN       NaN       NaN       NaN       NaN       NaN       NaN       NaN       NaN       NaN       NaN       NaN       NaN       NaN       NaN       NaN
     NaN       NaN       NaN     -8.90       NaN       NaN       NaN       NaN       NaN       NaN       NaN       NaN       NaN       NaN       NaN       NaN       NaN       NaN       NaN       NaN       NaN       NaN       NaN       NaN
   64.36       NaN       NaN     28.78       NaN       NaN       NaN      8.89       NaN       NaN       NaN       NaN       NaN       NaN       NaN       NaN       NaN     26.58       NaN       NaN     50.70       NaN       NaN       NaN
   79.30     51.30     25.99     29.29     33.37     -4.31    -27.16      3.41     28.02       NaN       NaN       NaN       NaN       NaN       NaN       NaN       NaN     30.18       NaN     50.90     18.90     16.98     25.22       NaN
   67.14     61.85     46.01     46.56     15.63    -15.64      1.71     27.30     11.73       NaN       NaN       NaN       NaN       NaN       NaN       NaN     60.58     30.73     56.91     22.03     15.42     31.60     20.46     30.66
   64.68     69.80     53.01     30.24    -11.87    -22.51     -3.93      6.40      4.95     15.39       NaN       NaN     47.01     45.48     60.68     46.33     27.07     11.44      8.87     20.55     25.96     24.04     28.54     31.43
   58.18     68.43     45.67     24.85      0.05    -29.85     -3.19      0.49     -4.82     27.12     30.96     38.68     44.18     29.98     47.92     40.34     28.05     12.77      8.40     18.17      8.09     21.51     30.14     33.28
   51.69     55.20     31.72     15.81    -10.00    -56.46    -25.14    -29.42    -26.23     23.01     10.49     30.66     46.44     34.94     21.85     24.22     22.77      4.78      0.53      8.67      9.68     22.97     32.97     28.16
   48.08     45.13     31.25      6.68    -37.39    -66.76    -63.09    -62.34    -38.48    -23.89     -5.44     21.67     45.84     39.31     23.73     11.06     16.71      2.52    -10.81     -9.30     -2.01     21.56     34.53     30.59
   41.35     35.49     26.12    -10.86    -47.63    -68.39    -75.01    -72.45    -56.36    -38.36    -11.70     12.68     39.87     37.51     23.55      9.11      8.59    -23.77    -20.08    -18.80     -6.67     20.51     32.73     28.11
   17.85     23.91      5.76    -41.61    -70.25    -77.86    -75.01    -72.91    -59.47    -36.93    -15.46      4.95     24.83     27.05     18.89     -0.94    -13.39    -27.40    -17.93    -15.61     -3.42     17.47     34.95     31.70
    7.63     11.18    -10.54    -68.97    -85.73    -88.96    -85.84    -83.42    -63.25    -32.38    -11.56     -1.85     21.97     -2.36     12.22    -17.60    -20.32    -18.71    -13.35     -2.55      7.36     14.81     33.97     38.02
    0.56    -11.49    -52.31    -78.95   -101.68   -102.63    -97.60    -87.96    -64.57    -27.36    -11.01      3.63     32.42    -13.84    -16.14     -8.19     -3.99     -8.18     -2.81     19.01     18.20     23.08     36.20     47.41
  -11.53    -33.80    -67.98    -83.54   -111.69   -117.58    -99.45    -98.35    -77.51    -27.76    -14.98    -19.21     20.32    -10.10    -14.52     14.14     15.09      2.62     23.65     28.32     20.64     24.97     39.36     38.01
  -24.20    -45.72    -82.54    -74.92   -101.63   -103.91   -101.98    -72.77    -72.46    -30.58    -14.25       NaN       NaN     13.83       NaN       NaN      3.36    -12.92     29.13     32.80     18.47     21.78     44.18     43.91
  -23.76    -30.87    -61.08    -65.09    -86.39    -80.21    -47.96    -38.89    -43.84    -10.14       NaN       NaN       NaN       NaN       NaN       NaN       NaN       NaN     51.85     21.46     35.78     17.62     50.09     58.30
  -21.95     -7.23    -38.57    -84.28    -99.90    -53.13     -7.24       NaN       NaN       NaN       NaN       NaN       NaN       NaN       NaN       NaN       NaN       NaN     81.30     17.99     28.06      9.60     59.76     64.39
  -18.60     -9.49    -67.38    -76.14    -69.48    -79.62   -100.94    -56.21       NaN       NaN       NaN       NaN       NaN       NaN       NaN       NaN       NaN       NaN       NaN     23.48     27.02     32.52     82.31     66.57
  -31.40      6.94    -37.92    -82.11       NaN    -81.52       NaN       NaN       NaN       NaN       NaN       NaN       NaN       NaN       NaN       NaN       NaN       NaN       NaN       NaN     45.53     56.62     68.09     64.32
    8.70     25.78    -22.23    -99.95    -87.95       NaN    -95.34       NaN       NaN       NaN       NaN       NaN       NaN       NaN       NaN       NaN       NaN       NaN       NaN       NaN     52.18     70.96     86.49     55.34
     NaN       NaN       NaN       NaN   -135.47       NaN       NaN       NaN       NaN       NaN       NaN       NaN       NaN       NaN       NaN       NaN       NaN       NaN       NaN       NaN       NaN       NaN     92.31       NaN
